x1	x2	x3	x4	x5	x6	x7	x8
0.0	0.0257	0.4084	0.0257	0.1935	0.0276	0.1935	0.1256
0.0	0.0257	0.4084	0.0257	0.1935	0.0276	0.1935	0.1256
0.0	0.0278	0.3974	0.0278	0.1943	0.03	0.1943	0.1285
0.0	0.0003	0.9353	0.0003	0.0287	0.0001	0.0287	0.0066
0.0	0.0003	0.0003	0.9353	0.0001	0.0287	0.0287	0.0066
0.0	0.0396	0.0396	0.3488	0.0439	0.194	0.194	0.14
0.0	0.6236	0.007	0.007	0.1443	0.1443	0.0059	0.0678
0.0	0.6236	0.007	0.007	0.1443	0.1443	0.0059	0.0678
0.0	0.5135	0.0133	0.0133	0.1753	0.1753	0.0129	0.0962
0.0	0.4582	0.0186	0.0186	0.1869	0.1869	0.0191	0.1116
0.0	0.0237	0.4209	0.0237	0.1923	0.0251	0.1923	0.1221
0.0	0.0518	0.3141	0.0518	0.1896	0.0576	0.1896	0.1455
0.0	0.0564	0.0564	0.3031	0.0625	0.1875	0.1875	0.1466
0.0	0.0012	0.0012	0.8454	0.0007	0.0651	0.0651	0.0212
0.0	0.0012	0.0012	0.8454	0.0007	0.0651	0.0651	0.0212
0.0	0.0247	0.0247	0.4146	0.0264	0.1929	0.1929	0.1239
0.0	0.0247	0.0247	0.4146	0.0264	0.1929	0.1929	0.1239
0.0	0.014	0.014	0.5057	0.0136	0.1772	0.1772	0.0983
0.0	0.014	0.5057	0.014	0.1772	0.0136	0.1772	0.0983
0.0	0.0372	0.3573	0.0372	0.1945	0.0411	0.1945	0.1383
0.0	0.0372	0.0372	0.3573	0.0411	0.1945	0.1945	0.1383
0.0	0.3093	0.0538	0.0538	0.1887	0.1887	0.0597	0.146
0.0	0.7466	0.0031	0.0031	0.1024	0.1024	0.0022	0.0402
0.0	0.7466	0.0031	0.0031	0.1024	0.1024	0.0022	0.0402
0.0	0.3753	0.0325	0.0325	0.1949	0.1949	0.0356	0.1342
0.0	0.8351	0.0014	0.0014	0.0691	0.0691	0.0008	0.023
0.0	0.8351	0.0014	0.0014	0.0691	0.0691	0.0008	0.023
0.0	0.0443	0.3342	0.0443	0.1926	0.0493	0.1926	0.1427
0.0	0.0007	0.8928	0.0007	0.0462	0.0003	0.0462	0.0131
0.0	0.0007	0.8928	0.0007	0.0462	0.0003	0.0462	0.0131
0.0	0.002	0.8013	0.002	0.0821	0.0012	0.0821	0.0293
0.0	0.0	0.9875	0.0	0.006	0.0	0.006	0.0006
0.0	0.0	0.9875	0.0	0.006	0.0	0.006	0.0006
0.0	0.8408	0.0013	0.0013	0.0669	0.0669	0.0008	0.022
0.0	0.8408	0.0013	0.0013	0.0669	0.0669	0.0008	0.022
0.0	0.4064	0.0261	0.0261	0.1936	0.1936	0.028	0.1261
0.0	0.4064	0.0261	0.0261	0.1936	0.1936	0.028	0.1261
0.0	0.3954	0.0282	0.0282	0.1944	0.1944	0.0305	0.129
0.0	0.9218	0.0004	0.0004	0.0343	0.0343	0.0002	0.0086
0.0	0.9218	0.0004	0.0004	0.0343	0.0343	0.0002	0.0086
0.0	0.5269	0.0123	0.0123	0.1721	0.1721	0.0118	0.0926
0.0	0.9584	0.0001	0.0001	0.0189	0.0189	0.0	0.0035
0.0	0.9584	0.0001	0.0001	0.0189	0.0189	0.0	0.0035
0.0	0.8094	0.0018	0.0018	0.079	0.079	0.0011	0.0278
0.0	0.8094	0.0018	0.0018	0.079	0.079	0.0011	0.0278
0.0	0.976	0.0001	0.0001	0.0112	0.0112	0.0	0.0016
0.0	0.976	0.0001	0.0001	0.0112	0.0112	0.0	0.0016
0.0	0.937	0.0003	0.0003	0.028	0.028	0.0001	0.0064
0.0	0.937	0.0003	0.0003	0.028	0.028	0.0001	0.0064
0.0	0.7589	0.0028	0.0028	0.0979	0.0979	0.0019	0.0377
0.0	0.8977	0.0006	0.0006	0.0442	0.0442	0.0003	0.0123
0.0	0.8977	0.0006	0.0006	0.0442	0.0442	0.0003	0.0123
0.0	0.799	0.002	0.002	0.083	0.083	0.0013	0.0298
0.0	0.799	0.002	0.002	0.083	0.083	0.0013	0.0298
0.0	0.5646	0.0099	0.0099	0.162	0.162	0.009	0.0826
0.0	0.8713	0.0009	0.0009	0.0549	0.0549	0.0005	0.0166
0.0	0.8713	0.0009	0.0009	0.0549	0.0549	0.0005	0.0166
0.0	0.4614	0.0183	0.0183	0.1863	0.1863	0.0187	0.1107
0.0	0.6997	0.0043	0.0043	0.1191	0.1191	0.0033	0.0503
0.0	0.6997	0.0043	0.0043	0.1191	0.1191	0.0033	0.0503
0.0	0.7375	0.0033	0.0033	0.1057	0.1057	0.0024	0.0421
0.0	0.7375	0.0033	0.0033	0.1057	0.1057	0.0024	0.0421
0.0	0.3431	0.0414	0.0414	0.1935	0.1935	0.046	0.1411
0.0	0.009	0.5807	0.009	0.1574	0.0081	0.1574	0.0785
0.0	0.009	0.5807	0.009	0.1574	0.0081	0.1574	0.0785
0.0	0.0059	0.6518	0.0059	0.1353	0.0048	0.1353	0.0611
0.0	0.0059	0.6518	0.0059	0.1353	0.0048	0.1353	0.0611
0.0	0.0075	0.6114	0.0075	0.1482	0.0065	0.1482	0.0708
0.0	0.0291	0.3906	0.0291	0.1946	0.0316	0.1946	0.1303
0.0	0.8955	0.0006	0.0006	0.0451	0.0451	0.0003	0.0126
0.0	0.8955	0.0006	0.0006	0.0451	0.0451	0.0003	0.0126
0.0	0.8687	0.0009	0.0009	0.0559	0.0559	0.0005	0.0171
0.0	0.7632	0.0027	0.0027	0.0964	0.0964	0.0018	0.0368
0.0	0.8222	0.0016	0.0016	0.0741	0.0741	0.001	0.0254
0.0	0.8222	0.0016	0.0016	0.0741	0.0741	0.001	0.0254
0.0	0.3742	0.0328	0.0328	0.1949	0.1949	0.0359	0.1344
0.0	0.3015	0.0571	0.0571	0.1872	0.1872	0.0633	0.1467
0.0	0.3317	0.0452	0.0452	0.1922	0.1922	0.0503	0.1431
0.0	0.3871	0.0299	0.0299	0.1947	0.1947	0.0325	0.1312
0.0	0.3871	0.0299	0.0299	0.1947	0.1947	0.0325	0.1312
0.0	0.3737	0.0329	0.0329	0.1949	0.1949	0.0361	0.1346
0.0	0.0272	0.4004	0.0272	0.1941	0.0293	0.1941	0.1277
0.0	0.0272	0.4004	0.0272	0.1941	0.0293	0.1941	0.1277
0.0	0.5364	0.0117	0.0117	0.1696	0.1696	0.011	0.09
0.0	0.5364	0.0117	0.0117	0.1696	0.1696	0.011	0.09
0.0	0.0817	0.2494	0.0817	0.1749	0.089	0.1749	0.1485
0.0	0.3145	0.0517	0.0517	0.1896	0.1896	0.0574	0.1454
0.0	0.4105	0.0254	0.0254	0.1933	0.1933	0.0272	0.125
0.0	0.0254	0.0254	0.4105	0.0272	0.1933	0.1933	0.125
0.0	0.3334	0.0446	0.0446	0.1924	0.1924	0.0496	0.1428
0.0	0.0446	0.3334	0.0446	0.1924	0.0496	0.1924	0.1428
0.0	0.001	0.0817	0.0817	0.0173	0.0173	0.7111	0.0899
0.0	0.0053	0.0053	0.6671	0.0043	0.1302	0.1302	0.0576
0.0	0.038	0.038	0.3542	0.0421	0.1943	0.1943	0.1389
0.0	0.0068	0.6274	0.0068	0.1432	0.0057	0.1432	0.0669
0.0	0.0068	0.0068	0.6274	0.0057	0.1432	0.1432	0.0669
0.0	0.2557	0.0785	0.0785	0.1765	0.1765	0.0857	0.1485
0.0	0.4392	0.021	0.021	0.1899	0.1899	0.0219	0.117
0.0	0.4392	0.021	0.021	0.1899	0.1899	0.0219	0.117
0.0	0.3116	0.0528	0.0528	0.1891	0.1891	0.0587	0.1457
0.0	0.1935	0.1098	0.1098	0.1604	0.1604	0.1176	0.1485
0.0	0.0	0.0	0.0	0.0	0.0	0.0	0.0
0.0	0.2678	0.0681	0.0789	0.1757	0.1819	0.0801	0.1475
0.0	0.2664	0.0819	0.06	0.1884	0.1733	0.0787	0.1512
0.0	0.3813	0.0134	0.0188	0.1855	0.2343	0.0196	0.147
0.0	0.1085	0.025	0.0389	0.1729	0.3106	0.0544	0.2897
0.0	0.0079	0.0909	0.2295	0.0475	0.0945	0.3549	0.1748
0.0	0.0199	0.2498	0.0624	0.1419	0.0523	0.2915	0.1822
0.0	0.0153	0.4379	0.0129	0.1855	0.0295	0.1847	0.1341
0.0	0.0176	0.2285	0.09	0.1294	0.0594	0.2973	0.1779
0.0	0.0037	0.4776	0.0128	0.1284	0.0087	0.2578	0.111
0.0	0.008	0.5382	0.008	0.1732	0.0077	0.1732	0.0916
0.0	0.0044	0.6264	0.0044	0.1465	0.0043	0.1465	0.0675
0.0	0.0279	0.1706	0.1706	0.1036	0.1036	0.2622	0.1615
0.0	0.1022	0.2612	0.0164	0.2852	0.0643	0.1092	0.1614
0.0	0.2281	0.1013	0.0303	0.2512	0.1401	0.0764	0.1727
0.0	0.6273	0.0041	0.0041	0.1469	0.1469	0.0035	0.0672
0.0	0.6338	0.0042	0.0042	0.1444	0.1444	0.0035	0.0654
0.0	0.6251	0.0052	0.0052	0.1463	0.1463	0.0044	0.0677
0.0	0.0207	0.034	0.3816	0.0301	0.1834	0.2147	0.1355
0.0	0.0053	0.0053	0.6143	0.0055	0.1487	0.1487	0.0722
0.0	0.0428	0.0428	0.338	0.0477	0.1932	0.1932	0.1423
0.0	0.0228	0.0228	0.4109	0.0247	0.1958	0.1958	0.1271
0.0	0.0069	0.2026	0.2026	0.0672	0.0672	0.3102	0.1432
0.0	0.0342	0.1635	0.1635	0.1106	0.1106	0.2449	0.1726
0.0	0.0217	0.1449	0.1449	0.0911	0.0911	0.3169	0.1893
0.0	0.6115	0.0067	0.0025	0.1665	0.1352	0.0046	0.073
0.0	0.4502	0.0276	0.0061	0.2443	0.1379	0.0175	0.1164
0.0	0.444	0.0179	0.0179	0.1911	0.1911	0.0193	0.1187
0.0	0.3936	0.0262	0.0262	0.1967	0.1967	0.0288	0.1318
0.0	0.3921	0.028	0.028	0.1953	0.1953	0.0306	0.1307
0.0	0.2044	0.2107	0.0177	0.2419	0.0909	0.0927	0.1417
0.0	0.1704	0.1609	0.0382	0.237	0.1146	0.1098	0.1692
0.0	0.3406	0.0419	0.0419	0.1935	0.1935	0.0466	0.1419
0.0	0.1638	0.1789	0.0498	0.205	0.1178	0.1255	0.1592
0.0	0.0129	0.5042	0.0129	0.1786	0.0128	0.1786	0.1001
0.0	0.0007	0.8537	0.0007	0.0622	0.0004	0.0622	0.0203
0.0	0.0008	0.8562	0.0008	0.0607	0.0005	0.0607	0.0203
0.0	0.003	0.7457	0.003	0.1026	0.0022	0.1026	0.0409
0.0	0.4813	0.0155	0.0155	0.1831	0.1831	0.0157	0.1059
0.0	0.3312	0.0444	0.0444	0.1931	0.1931	0.0495	0.1444
0.0	0.6241	0.0045	0.0045	0.1472	0.1472	0.0044	0.0681
0.0	0.4368	0.0169	0.0165	0.1954	0.1944	0.018	0.122
0.0	0.7013	0.0022	0.0009	0.1359	0.1105	0.0014	0.0478
0.0	0.4363	0.0213	0.0128	0.213	0.1779	0.0182	0.1206
0.0	0.2684	0.048	0.0083	0.3614	0.1138	0.0316	0.1684
0.0	0.5899	0.0054	0.0054	0.1583	0.1583	0.0048	0.0779
0.0	0.6792	0.0022	0.0022	0.1303	0.1303	0.0022	0.0537
0.0	0.4383	0.0189	0.0189	0.1923	0.1923	0.02	0.1194
0.0	0.74	0.0012	0.0012	0.1088	0.1088	0.0009	0.039
0.0	0.5388	0.0111	0.0111	0.1691	0.1691	0.0106	0.0901
0.0	0.6663	0.0035	0.0035	0.1331	0.1331	0.0028	0.0576
0.0	0.5898	0.0083	0.0083	0.1547	0.1547	0.0075	0.0768
0.0	0.6308	0.0058	0.0058	0.1427	0.1427	0.005	0.0671
0.0	0.4121	0.0233	0.0233	0.1951	0.1951	0.0251	0.1261
0.0	0.5527	0.0105	0.0105	0.1652	0.1652	0.0098	0.0861
0.0	0.5595	0.0099	0.0099	0.1635	0.1635	0.0092	0.0846
0.0	0.5081	0.0108	0.0108	0.1799	0.1799	0.0106	0.1
0.0	0.7103	0.002	0.002	0.1183	0.1183	0.0015	0.0475
0.0	0.5597	0.008	0.008	0.1659	0.1659	0.0074	0.085
0.0	0.6692	0.0041	0.0041	0.13	0.13	0.0034	0.0592
0.0	0.8568	0.0005	0.0005	0.0615	0.0615	0.0003	0.0189
0.0	0.804	0.0016	0.0016	0.0809	0.0809	0.0011	0.03
0.0	0.8153	0.0011	0.0011	0.0774	0.0774	0.0007	0.0269
0.0	0.6943	0.002	0.002	0.1252	0.1252	0.0018	0.0496
0.0	0.4754	0.0162	0.0162	0.1841	0.1841	0.0165	0.1074
0.0	0.5465	0.0086	0.0086	0.1699	0.1699	0.008	0.0885
0.0	0.5983	0.0067	0.0067	0.1538	0.1538	0.0059	0.0748
0.0	0.5825	0.0077	0.0077	0.1581	0.1581	0.007	0.0789
0.0	0.0433	0.1751	0.0056	0.4584	0.0255	0.0879	0.2042
0.0	0.0134	0.4752	0.0134	0.1875	0.0138	0.1875	0.1093
0.0	0.0146	0.4746	0.0146	0.1862	0.0149	0.1862	0.109
0.0	0.0024	0.7042	0.0024	0.1207	0.0018	0.1207	0.048
0.0	0.003	0.692	0.003	0.1236	0.0023	0.1236	0.0525
0.0	0.0011	0.7799	0.0011	0.0926	0.0007	0.0926	0.0319
0.0	0.3986	0.025	0.025	0.1967	0.1967	0.0274	0.1307
0.0	0.4119	0.0236	0.0236	0.1946	0.1946	0.0255	0.126
0.0	0.6569	0.0051	0.0051	0.1336	0.1336	0.0043	0.0614
0.0	0.9333	0.0001	0.0001	0.0296	0.0296	0.0001	0.0072
0.0	0.7083	0.0032	0.0032	0.1166	0.1166	0.0025	0.0497
0.0	0.8581	0.0006	0.0006	0.0606	0.0606	0.0004	0.0191
0.0	0.4489	0.0245	0.012	0.2046	0.1734	0.0197	0.1169
0.0	0.3197	0.0521	0.0126	0.2855	0.1423	0.0359	0.1519
0.0	0.0919	0.0484	0.0025	0.5682	0.0449	0.0249	0.2191
0.0	0.4827	0.0123	0.0123	0.1863	0.1863	0.0126	0.1076
0.0	0.5852	0.0065	0.0065	0.1583	0.1583	0.0065	0.0788
0.0	0.0207	0.423	0.0207	0.1947	0.0223	0.1947	0.1239
0.0	0.3066	0.0546	0.0546	0.1884	0.1884	0.0607	0.1466
0.0	0.2044	0.0624	0.1222	0.134	0.2135	0.1044	0.1591
0.0	0.2585	0.0924	0.0692	0.1837	0.1619	0.0884	0.146
0.0	0.2364	0.0756	0.1009	0.1649	0.178	0.0956	0.1485
0.0	0.166	0.0366	0.166	0.1128	0.2358	0.1128	0.17
0.0	0.1624	0.1624	0.0875	0.1721	0.1334	0.1334	0.1489
0.0	0.1025	0.0837	0.2241	0.1006	0.1762	0.1628	0.1501
0.0	0.0726	0.0766	0.264	0.0815	0.1774	0.1795	0.1483
0.0	0.0288	0.071	0.3088	0.0535	0.1649	0.2272	0.1458
0.0	0.1651	0.1197	0.1197	0.157	0.157	0.1285	0.153
0.0	0.0765	0.167	0.167	0.1307	0.1307	0.1783	0.1498
0.0	0.2626	0.0789	0.0789	0.1749	0.1749	0.0848	0.145
0.0	0.2294	0.0919	0.0919	0.1696	0.1696	0.0992	0.1484
0.0	0.3611	0.0345	0.0345	0.1962	0.1962	0.0384	0.1391
